4716	10959	9950	3957	11546	8975
8298	4054
8231	4054	10610	10487	4701	1872	8975	3957	1306	6295	2877
3567	10688	8438	5454	10188	1872	4701	10037	3079	6295	8378	1562	4877	6231	2182	10924	9950	6872	11414	7320	5431	2095	3957	7714	10487	8776	12533	3256	9815	8986	4073
11546	9815	5431	1562	10188	1856	8903	3163	1306	1275	3079	2041	12047	8975	10863	8776	1544	5454	2095	6176	3957	11414	9950	4054	931	4701	7455	10037	6829	10406	4716	6295	11074	12213	10487	4996	10959	8368	8912
10610	8378	11074	8231	5454	8776	3163	3957	7714	9596
931	8776	10924	10688	4073	3079	2041	6231	5454	4701	10487	6847	11414	9950	9815	7320	11546	8686	12533	8378	6295	2450	1562	3957
3153	9815
11414	2450	10924	10188	2182	7225	1562	2315	4701	3957	5243	5454	7455	11546	3184	3567	10037	931	6829	9950	12533	8378	7320	1275	10487	10688	8975	12047	2095	6295
4275	1856	11258	2041
10487	10188	3256	2095	1562	8686	12644	1872	10995	10688	7755	10880	9706	3163	3184	8378	3839	10959	1275	1306	4199	5845	1163	10637	8903	2315	2261	9815	10863	6829	4996	10924	6295	3079	8231	1637	11773	5919	10037	4054	5454	8975	5488	11288	7455	7320	1856	931	8776	12533	11552	3567	4877	11826	5023	3957	12690	9461	382	11414	12213	4885	10406	8134	11546	1916	8986	7496	4701	2041	7355	9950	4931	5998
7455	10924	1854	9950	7714	10037	6295	8776	6231	3957	2450	8975	1562	4701	3079	6872	10445	7320	8986	11414	9815	4054	10487	10688	5454	2095	11074	4270	10637	8912	4073	11546	8378	8903	1872	4877	9596	5158	5248	12533	6766	1689
7714	10924	1872	10688	4698	7455	11074	10445	9815	4877	1275	9950	10637	6872	7320	12690	9596	10959	6879	10610	10037	3567	5248	6295	8378	8986	3957	5845	4199	1854	9461
10688	3957	3256	7714	931	3567	10487	4701	3079	1562	11074	8986	10188	2095	10924	9950	10037	10445	6295	4877	9815	6231	5023	12533	7455	6176	6872	8378	7320	5431	10959	10637	11414	8776	5538	12607	5454	4073	1872
10406	4701	4597	11546	10487	3957	8975	3163
8378	10037	12644	10188	10610	11074	4698	10487	10445	8776	9461	4877	6872	12533	1872	3957	6879	2877	9815	3567	10924	1854	5998	4701	5845	5454	12213	11665	1562	1148	10959	5158	5248	3079	3184	11288	12607	3956	12609	10688	11414	9596	7455	7714	931	833	6562	9950	10637	1637	2182	6176	7320	6295	3256	2095	8986	8686
1148	2450	3957	4701	8134	10995	8686	12690	6847	6231	6295	1306	4996	10924	9596	10863	5243	8378	11773	10445	744	11826	1163	2182
6872	10188	8903	11288	12533	8378	9815	4877	6562	7455	9596	8986	7714	10037	3567	9461	10959	1637	3256	10688	12607	10924	833	5158	6295	1872	3957	6176	9950	7320	10445	2041
6176	1306	2315	10959	7374	1275	5919	10188	10637	9815	5454	8975	1562	3957	5023	5158	6829	10445	4054	11546	3256	5845	9950	1637	11258	12533	8776	9263	10659	5431	10265	10688	1872	8378	7320	6872	12607	8686	3079	8368
5158	4885	11288	1872	833	10037	9950	932	8912	6295	4698	6176	4877	5538	8378	7320	6562	449	7455	2261	9815	6872	1854	2095	10924	12609
1306	4701	10188	6176	8776	10265	744	7320	4931	1562	2315	8134	10959	5998	10487	11546	5488	9815	12690	11826	5023	1163	4996	4054	2450	10863	1148	9950	6295	3079	1872	10995	1275	8912	5919	6847	8368	2095	3163	7496	8686	8231	3957	6231	7355	10659	5454
1916	4877	10863	382	4701	8975	11074	9950	8686	9815	1637	6295	3957	10487	5454	11826
1544	6879	6726	3957	11546	2123	10445	12644
12690	10995	8776	9263	8134	3079	1148	1306	10863	4054	7355	5454	1163	11773	7714	5919	5845	744	10487	8686	4877	4701	3163	3957
12213	4597	3079	8378	10863	9679	1637	8776	10188	10487	11546	7496	4701	5454
6231	3957	8134	10863	9596	7455	11826	1148	4931	5454	3567	931	9815	3079	4996	10037	10688	8686	3184	8776	10188	1306	5023	2182	4701	1562	6847
1872	7714	932	3956	5845	9461	1163	10487	5158	5431	12644	3567	8378	10637	10880	3079	4701	4885	2877	1306	10037	3957	10863	9950	382	449	10959	4877	1854	6562	5023	7755	11288	9815	10924	9596	6295	11258	8231	5454	2315	3256	4199	7455	8776	6176	10445	2123	7320	1637	12533	6872	4698	8986	10688
4199	10863	3957	9815	10487	4701	6562	9461	9596	4698	12644	10959	1872	6295	4877	7714	3956	3256	9950
6847	5243	3079	11826	1148	1163	3957	9596	4996	10037	4701	9706	931	1306	8686	8776	11773	10995	5454	10863	2182	6231
382	9461	10637	10959	3957	6295	1916	5488	9950	3638	1872	2123	8975	10545	12643	5998	5023	9815	2261	449	10487	4701	11288	12644
3184	3957	9950	10487	12533	4701	5243	5454	8776	6295	8686	11414	6231	8378	7320	4073	3079	1562	10924
4597	4931	3839	12213	3957	8776	10406	10037	8368	9596	2249
10265	8776	1306	4931	5454	10863	1562	10650	6176	12533	2315	3079
10659	5431	10863	3957	11258	12533	1562	10650	5454	2315	6176	8776	3079	1306	4931
1163	8776	1872	10487	1306	8975	6847	6295	3957	12690	4701	1148	8686	744
9815	11546	8986	7320	5454	4701	11258	5998	3079	4199	10880	1306	6176	833	12643	6872	4054	7714	8378	4877	10037	10487	6879	5488	6231	10637	8975	1854	3153	10688	10863	7455	11826	10959	9596	802	382	1872	931	2041	10924	11665	2095	6295	3256	12644	8686	1562	1916	5158	9950	10188	1637	3957	10445	12533	3567	9461	11288	3163	5023
10445	1275	4877	4698	10037	10880	833	8378	5248	7714	6562	10959	9596	10688	7455	1856	11074	6295	6176	1544	9950	1148	12607	12533	1854	10637	5845	7320	1872	9461	9815	3956	8986	10924	6872
12644	8378	9117	10487	1872	10545	12609	4877	5431	5454	10959	2877	2261	1854	9950	833	4199	2123	6726	10637	4701	9815	8132	4698	8903	9461	4885	1321	6295	12533	1544	382
11552	4701	10487	7755	3957
3956	932	1872	1854	9950	8378	7320	6562	4199	10445
10637	8912	3256	382	11074	6176	2123	449	10959	10487	10037	1872	4698	7714	3638	9815	2877	1854	4701	8986	12644	10188	7455	3957	5431	6295	10445	6879	4877	8378	10688	9117	12609	9950	10924
9950	10959	12533	7455	5431	7355	6829	3184	5845	5248	5158	4716	2123	3956	6295	10037	10688	3957	3079	4698	382	1306	7714	5023	11074	12644	3567	6879	1872	10188	6176	3256	11288	1916	4701	4885	10445	1562	2095	931	11414	11546	2261	11658	9461	5454	8986	8776	802	10880	4877	4054	2041	8378	6562	5488	9815	9596	1854	10924	7320	2182	10863	10637	1637	4199	932	12607	12643	10545	5998	6872	10487
9792	5538	3957
2450	1148	11414	3957	7455	1306	8975	5454	8686	931	5243	9596	10037	8134
7355	5454	5845	9950	3163	9263	10924	10863	2315	8134	8776	5488	8368	12690	4701	5919	10959	3957	2123	11658	6295	10880	4054	3079	1306	10188	10487
7320	5845	4054	9815	1306	3256	1854	3957	10924	1562	12607	10188	4877	5248	12533	10037	932	7455	9596	7714	6295	10487	10880	3567	833	5158	2095	802	1637	6562	4701	8986	931	3956	10688	3184	11414	10959	10445	1872	11288	9950	8378	6176	4698	2877	5998	6872
10545	3079	4885	10863	12644	6295	2261	9461	382	4698	9950
9679	11074	12213	3079	3957	5454	8776
5488	6726	4877	10959	1306	10924	382	7355	3957	2041	9815	6295	5023	4698	10487	4701	5998	4885	3256	9950
8912	10637	3957	9706	5158	10924	1306	7455	11546
673	2182	3957
10955	10959
8975	10650	7225	2315	1275	12047	6176	11546	1163	3163	7455	2450	8686	1916	3957	3079	9815	10863	10188	10924	6295	4996	10487	382	8776	4885	5454	5243	1562	8231	10037	12533	11414	10406	11826	5023	4701	4716
1275	10445	6176	8975	8986	4701	10487	11546	4996	7714	3079	1306	5454	6295	7496	3163	10863	11414	8776	3957	10959	744	10188	10995
2249	7755	4597
5248	1856	11074	9950	10445	10959	6295	7320	5845	10880	8378	7714	3957	7455
1562	8776	10487	3079	4701	11546	10688	8986	1306	6295	11414	7320	6176	3567	7455	10037	10659	2315	5243	3957	8378	10265	9950	10863	8975	9815	11258	10188	11074	931	8134	3184	6231	5454
1637	6295	8776	7496	3957	3079	5023	10959	7374	10487	4701	12607	6176	5454	12213	6872	7320	8986	1916	8378	1872	9815	9950	4877
8903	6872	11546	10487	6766	10188	5023	3957	6295	7755	4877	4701	7455	12644	833	449
7374	6176	1637	3957	8368
4073	931	4877	3957	10863	7455	10995	3184	4996	3567	10688
9706	10487	3957	4701	8912	5243	6847	11826	6295	6766
8686	11773	11826	10487	1148	10863	4931	6766	833	8134	8975	3184	6231	744	2182	6847	5243	931	2450	9815	1916	10995	12690	1306	4054	3957	1163	4996	6176	9596	4701	5454	8378
8368	5454	4054	10880	7355	8776	5845	5431	12442	3957	10959	3839	4931	3079	5919	1306	7374	8134	4597	11546	6176
4877	2123	10445	1916	5488	3163	3079	8378	9461	12644	4073	8986	7714	9815	6872	6295	6879	3567	10924	7320	5158	10188	5454	10037	10688	3957	10959	1872	8358	12533	5023	10487	8903	833	7455	9950	6562	4199	10637	2095	3070	4701	12690	4698	1854	1637
7755	10487	2249	932	4701	8903	1872	11552	3957
11658	4054	2123	6295	5845	10959	3957	1856	9950	7355
10642	5845
3163	10188	4877	7355	10487	4701	11546	10924	4054	8975	4996	2095	10863	3957	10995	10610	5845	3079	1275	1306	744	5919	5454	8134	6295	10406	8776	12690	9815	6766
1321	744	12644
3638	4698	10637	382	9117
5538	10188	5158	6295	4885	9792	10688	11288
1689	8776	7455
8986	3957	4701	9815	10959	5454	1562	1275	4054	10688	10924	4877	8776	7455	6872	3079	11074	10637	9596	1637	7320	7714	9950	9461	10880	6879	6295	11665	10487	3567	10445	10037	1872	8378
11281	3957
3839	4597	10487	8368	4931	10188
7496	1637	10863	5454	8776	6295	1275	3079	4701	1306	10959	12213	10487
6879	11074	3079	1544	8378	4877	9815	10959	9950	7714	10037	6295	10637	8986	9596
3355	12254	11074
4054	8231	7320	8368	4701	11658	5919	10188	8986	10880	5454	9596	3957	3079	3163	9815	1306	12690	10863	6176	12533	8776	10487	7455	10924	2041	4996	2315	11546	8298	9263	5845	9950	7355	10959	8134	8686	6295
11074	9679	6879	10924	10037	10688	5248	8378	10637	7714	10610	1854	10959	9950	10445	1916	3079	3957	8986	6295	5454	7455	9596	1562	11546	3355
449	4698	11288	1854	2261	10637	1872	382	5158	8903	2877
10924	7714	7455	931	11074	11414	1854	802	7320	7355	4698	8986	3163	10688	5488	8378	10037	10959	2095	4877	1148	10487	3567	3256	8975	4701	8912	4054	1872	3957	9815	6872	12607	9950	11826	6562	10637	5158	9596	833	10445	3184	6295
2123	4877	10959	11658	9950	10637	6295	7355	1544	382	12644	2095	2041	1872	6726
1856	5248	3079	4275	11546	10445	12533	10487	10188	8776	3957	11658	10863	4701	5454
12533	9950	2095	2315	6872	5243	3184	8378	7320	10659	3957	10188	5454	4054	6295	8776	8134	1856	10037	6176	1854	10487	10688	10445	10863	3079	4877	3256	11414	10265	931	3567	5023	8975	1872	4701	9815	7455	12644	10959
2041	3957	6295	931	11546	5488	4701	2182	4054	9815	2123	2095	4275	9950	10037	10188	3079	9596	10487	6872
932	3956	1872	10037	7755	5158	7320	11258	6562	9263	6295	9950
5998	9815	6295	1306	4885	8378	5488	382	3957	4701	7320	9950	10487
12607	10959	6295	7320	1637	10445	8378	6872	12609	10924	3256	10688	6176	9950
10188	10487	833	1306	3163	11414	8378	6872	11546	3079	3567	2095	4054	4996	5538	6176	1854	10688	5454	10863	7320	8903	12533	4877	8975	9950	8358	1856	10637	4701	5845	2315	12213	12047	3839	1562	10959	3957	6295	6231	9815	2041	1275	8776	7355
4885	5158	2261	10545	4701	5023	5998	1854	6295	1872	2095	9950	8975	9461	5538	2877	5488	10959	10487	12644	3957
10863	4199	10959	8686	10545	10659	1916	6231	7355	5919	10265	7496	3957	1306	12690	10188	10487	4054	11546	1148	3163	1872	8975	2315	4073	5454	9815	12213	4701	8776	5243	1562	12533	8134	4931	1275	1856	4996	3079	9950	11826	6847	6295
5454	8134	8368	2095	6295	7355	3567	3957	9815	8986	4054	10995	10959	10188	6176	4931	10265	2261	6231	12644	2315	3184	7496	931	10610	4701	11414	8378	11546	10037	12690	12533	4877	10863	1637	10487	802	1275	10659	2450	8975	7455	5023	11074	2182	7225	3079	1872	8776	9950	6847	11826	5919	1856	9679	3163	4996	10688	12213	1916	1306	1562	8686
6295	833	1637	5454	6726	5998	2041	7455	12607	9596	5845	10037	11288	1562	382	10880	10545	9950	3567	1148	11658	2123	4877	5248	5158	1163	4698	11826	1306	4885	5488	10487	10688	802	5431	2315	10445	2095	10959	12643	3079	1854	3184	12533	8975	8903	5023	7320	9461	6562	8776	5538	1275	7496	11074	9117	9706	4701	1872	2182	9815	3256	7714	7355	10637	931	6879	11546	4199	10188	12644	8986	6872	8231	1916	8378	3163	932	3957	6829	4054	10863	11414	10924
12047	6829	8975	11546	10188	11414
2095	5454	10487	4701	12533	6829	10188	10688	10924	3957	3163	6295	11546	4885	8358	2123	3567	9950	7320	1306	7455	11258	8776	9815	2041	3079	10037	4877	2315	1854	5158	8378	11414
6562	10445	6872	11258	4199	6295	1872	5158	833	7320	1854	3256	932	8378	3956	9950	4877	10924
9596	8776	6295	4054	6231	4270	10445	833	1148	6847	6872	7320	11826	4199	4701	3079	5243	7714	9815	8986	1872	8378	10610	11074	7455	2450	9950	4597	6879	10037	8686	2041	10924
10995	12690	10487	1148	5454	744	1306	3163	11826	6847	4073	8686	4701	3957	5243	1275
11773	8686	4996	10487	12690	1148	4931	6847	4701	3256	3957
10650	8975	10659	10037	10265	3957
11665	3957	8378	8132	9815	12609	8986
5845	10880	7320	1872	7355	3070	10642	9950	5919	6295	11826	9263	10487	8368	4701	5248	8378	11658	6176	3163	10188	12690	8776	4054	10959	10445	7714	2315	3957
2877	8378	9506	12644	1872	1854	10637	4885	3957	4698	12609	10566	8231	7320	449
802	10924	6295	3957	5454	9815	7320	9950	3079	8776
3079	10545	1856	6879	1562	8776	10688	4877	10188	9815	10959	6847	12690	931	12213	4931	4054	8134	11546	3567	7225	1637	9950	1872	1275	7455	1306	10487	8975	2315	6231	6295	11074	8986	4996	8368	9596	9679	8378	3163	12533	7496	10037	5919	3957	5454	9998	2095	10659	10863	802	7355	4701	3184	2041	6176	10265
8776	1163	931	10265	1562	1306	1637	12690	3079	7455	9596	8378	5919	1689	4597	8134	10959	3957	7355	8368	8986	3184	4996	11546	7496	10610	12533	4054	7225	6295	6176	10487	8975	1856	10863	2315	12213	4931	6231	9998	6847	4701	2095	3567	10659	5454	5845	9950	1872	1275	10688	802	3163	10188	9679
9117	12644	12609	6295	4698	10637	3638
9998	8776	3079
12442	8368
2315	4698	6176	8975	12533	1306	11414	7355	5454	10487	1562	6295	3079	10863	3957	10659	8776	4054	10188	1872	10959	2095	10265	5845	4701	10880
5243	6847	11826	12533	3957	3184	11414	1562	9706	1148	10037	9596	10863	8686	8975	2450	10995
9461	1872	382	4701	3957	8378	4877	10959	11288	4199	6295	10545	6872	4885	9950	2261	8986	10487	12644	10445	7714	9815	3256	10037
744	1306	10995	3957	10959	4996	8686	1321	1148	12690	3163	1275	8358	1163
10566	7225	3957	2877
5431	9950	10659	11546	1872	12644	10959	6295	8368	3567	11258	6176	10637	10688
11258	9815	10659	6562	932	6176	4275	5431	1872	2095	1562
8358	2095	10188	4877	744
8438	3567
4701	11552	1306	8986	1562	2095	10688	1148	9815	4054	10406	4885	3163	1275	9706	7755	9461	3567	4199	11414	4996	3184	3957	11826	10037	5845	1916	7455	8378	2041	5454	1872	7355	6847	1637	931	10924	10637	8231	9596	10863	9950	8134	10959	5488	4931	6295	7320	8776	10188	7496	1163	12644	11546	8903	11773	1856	10880	382	11288	10995	6829	12533	3079	4877	5998	3256	12213	6231	2261	12690	10487	2315	8686	5023	8975	5919
1854	7455	4698	10924	3956	449	7320	4885	10188	11288	11074	8378	12644	833	2877	9815	6295	10637	12533	1872	6562	12609	10445	2095	9950	7714	5158	4877
1509	3957
10959	9950	10863	8986	382	6176	12607	3079	5488	833	1306	10037	3070	10487	12609	4716	2123	9461	5248	5454	4698	10637	8776	5431	10445	10924	12644	6879	10955	1637	11074	744	7355	6295	11658	1872	8368	4877	8378	9815	7714	4701	6872	10880	4199	7496	3256	4885	5845	7320	2315	10688	3957	10188	4054	1275	11546	12533
12869	3957
9263	5919	12690	7355	5845	6176	4931	4054	932	3957
7225	8975	11414	3079	10566	3957	8776	5454
5023	4885	3957	1306	1637	9950	6176	8903	5488	10688	6295	1872	382	5454	4877	10487	2774	12533	5022	6231	8975	4701	9815
10037	6829	8378	3256	7455	932	11074	10445	5158	3957	10959	4270	6295	3567	4698	9950	10637	10924	4701	9815	10688	7320	1562	6847	1872	5454	5243	6231	4877	10487	12533	6872	11414	10650	3079	7714	6879	11546	2095	8975	2041	2450	4597	9596	9461	8986
833	6295	10188	5158	10959	10445	8686	9815	9596	1854	12644	3256	7320	6562	4877	8378	6872	8903	10924
12643	9815	6295	382	9950
3957	4931	4284	10688	8986	1148	11665	2041	4996	4199	3184	6231	5454	8912	9706	10037	2450	7320	9461	382	5023	4597	1509	1637	4054	8378	7455	6829	4073	8776	9950	10863	11414	10659	4701	5243	5488	744	6847	6176	2095	6357	8975	1163	1544	802	12533	3163	1872	7355	8903	7225	8368	1562	2182	2315	11074	11546	4877	4716	10610	11658	1856	3567	7374	10637	10566	3079	10924	9513	9679	11281	2261	10487	11552	11826	5248	2877	10959	7714	5998	10188	1275	8231	10406	6766	1306	7755	10995	673	11773	9815	6872	8686	9792	1916	9263	4885	12869	5919	6295	931	12690	8134	10650	5845
3256	10637	10688	10487	10037	7320	6726	10924	6176	9950	833	6872	12533	6562	6295	9815	10959	1872	5488	11773	4698	12607	3567	4199	8378	4701	9461
6829	10037	12047	9950	2095	3957	10487	6176	11414	11546	4701	6295
11288	5158	449	6872	6295	1854	9461	9950	10487	4698	1872	8378	4701	7320	382	5538	9815
9513	3957
11826	8686	5243	6847	5845	6231	1306	4701	6295	9596	9706	9815	10995	10487	1148	3957	5454	4996	10924	10863	8975	1916
4284	3957
6357	3957
8134	5454	6766	1148	12690	1306	6231	8776	3079	7355	4931	8686	12533	4701	10863	8368	10487	4054	3163	1562	2450	3957
6766	8134	8686	8903	9706	3957	7455	3163
2261	4885	449	5454	10487	12644	10545	382	9950	3957	9461	5158	4701
4698	2315	449	1854	7714	10445	8378	10924	3638	10959	10037	9950	5158	10637	6295	12609	5488	4199	11288	9117	12644	10880	10545	6726	2877	3256	7320	1872	4877
12609	10959	8132	12644	6726	4698	9117	8378	1854	11665	12607	10637	2877	5158
5919	9263	4054	5845	6176	8776	10863	7355	10487	12690	1306	8368	3079	5454	3163	3957	4701
4996	3957	11773	10188	1275	4701	1306	1148	8776	10487	3163	6847	6231	3079	8975	744	4054	10863	4073	11826	5454	8686	11546
9506	2877
5022	5023
3070	5845	10959	4877
2182	11414	673	3567	2041	3957	8686	5454	6295	8378	1148	9950	6231	6847
6726	5488	6295	8132	12609	1544	3256	12644	4698	2123
10880	5845	10487	10445	4054	8368	9815	6295	1872	5248	7320	10959	7355	4698	9950	4701	8986	2315
2774	5023
12254	3355
4270	10037	9596	7455
4931	4597	3957	1306	8686	3079	10265	5454	6231	8134	8368	9263	8776	3839	10863	11773	4701	10659	10487
8132	6726	12609	11665	12644
