1	124	42	132	5	53
2	80
3	80	6	11	121	27	53	132	21	95	105
4	14	120	94	91	27	121	129	107	95	16	57	65	26	150	83	42	18	9	46	117	97	132	13	11	108	86	133	36	74	61
5	36	117	57	91	85	59	69	21	54	107	87	96	53	93	108	23	94	97	19	132	9	42	80	7	121	12	129	134	15	1	95	81	25	11	146	124	64	50
6	16	81	3	94	108	69	132	13	99
7	108	83	14	61	107	87	26	94	121	11	29	9	42	36	46	5	63	86	16	95	44	57	132
8	36
9	44	83	91	150	127	57	112	121	132	113	94	12	5	31	4	129	7	134	42	86	16	46	54	11	14	53	96	97	95
10	85	118	87
11	91	133	97	57	63	38	27	100	14	66	152	62	69	31	16	76	124	54	21	28	104	35	41	59	112	142	36	93	134	146	83	95	107	3	58	101	145	129	80	94	53	49	135	12	46	85	7	108	86	39	4	65	137	128	132	24	114	30	9	25	92	15	140	5	22	74	77	121	87	45	42	156	89
12	83	122	42	13	129	95	108	26	132	44	53	57	121	107	18	37	46	74	9	36	80	11	14	94	97	81	155	41	50	61	5	16	59	27	65	99	20	56	86	141	73
13	83	27	14	143	12	81	37	36	65	54	42	41	18	46	24	99	124	78	6	129	4	56	95	16	74	132	104	28	122	114
14	132	133	13	7	4	11	121	107	57	81	74	91	97	83	42	129	37	95	65	36	26	128	86	12	19	18	16	46	117	124	41	9	108	72	90	94	61	27
15	121	32	5	11	132	53	69
16	129	38	91	6	81	143	11	37	108	114	65	18	86	27	132	78	105	36	4	83	122	89	121	104	94	25	103	57	17	124	20	56	107	31	135	90	40	144	14	9	99	12	13	7	130	98	42	41	58	150	19	46	95	133	97	74	63
17	44	132	121	140	100	63	24	29	26	95	21	146	83	99	93	113	16	101	37	115	137	35	150
18	91	59	135	86	16	36	65	98	12	99	74	13	129	4	114	124	58	133	14	90	83	130	20	95	27	132	19	42	46	37	87
19	21	112	124	60	54	145	91	41	36	94	53	57	132	128	20	134	37	80	5	133	104	42	58	118	86	108	126	34	117	33	14	27	16	46	18	90	63	107	64
20	92	135	27	130	129	42	88	50	95	143	19	65	72	16	46	98	82	12	142	36	18	122	97	83	144
21	121	91	19	108	33	115	46	156	57	112	140	124	89	11	5	49	36	24	137	128	35	146	80	44	93	17	42	95	107	27	100	54	50	145	29	64	97	69	77	63	3	132	26	45	34	94
22	65	93	30	121	53	81	42	63	36	58	95	132	11	94	137
23	78	151	132	5	84	37	38
24	100	108	126	140	107	17	21	93	80	45	94	35	101	13	145	104	115	11	63	65	121	69	132
25	32	107	16	93	48	58	108	91	11	5	77	121	94
26	132	140	93	99	12	137	17	156	94	4	7	36	107	146	129	14	63	31	108	91	21	128	150	121	57	29
27	13	88	40	104	114	35	11	20	117	38	4	16	41	152	107	121	92	105	21	129	132	93	42	30	82	124	65	122	98	128	66	135	36	83	99	95	118	3	94	112	133	28	12	108	19	37	84	46	58	86	18	143	74	14
28	93	132	36	11	121	98	114	99	143	38	124	27	95	65	13	40	133	42
29	113	107	137	17	35	132	99	146	129	121	62	7	21	63	108	101	100	94	93	150	26
30	114	41	124	132	95	22	49	42	71	27	84	53	47	131	89	128	36	142	82	11	121	135	38
31	132	42	11	86	121	113	94	108	95	63	9	26	16	46	61	107	57	83
32	156	76	25	132	108	15	129	64	99	55
33	108	21	156	94	93	57	102	19	86	112	107
34	117	93	132	118	86	57	102	94	112	19	108	107	21	156
35	108	27	11	21	53	29	95	132	24	121	17	63	115
36	5	74	46	94	121	118	89	107	28	152	21	19	130	131	18	80	13	16	65	129	11	78	49	26	41	53	122	8	14	93	12	137	124	99	106	30	27	7	87	83	103	97	95	133	38	63	57	22	20	42	91	58	132	37	86	4	114	135	69	128
37	54	65	143	129	152	130	16	56	13	98	124	99	14	12	85	81	95	19	23	42	17	90	86	122	41	104	46	27	114	36	40	74	83	18
38	16	109	11	27	47	144	65	117	94	124	105	142	122	42	130	28	84	151	41	121	36	157	143	59	114	92	70	95	86	23	30
39	121	11	66	132
40	88	27	122	42	16	46	98	28	37
41	50	133	30	81	19	84	82	124	11	129	27	143	13	71	36	105	122	121	74	38	91	12	132	117	95	37	78	65	16	14	109	144	42	83
42	124	86	12	117	45	134	31	104	56	20	1	84	40	95	129	14	132	107	143	30	21	13	128	81	38	4	78	27	91	19	133	135	22	121	92	37	57	97	7	9	5	142	67	114	94	74	108	106	152	65	80	87	16	98	49	36	99	122	83	46	150	93	41	58	28	88	90	131	47	89	18	11
43	72	132
44	17	9	132	12	21	53	94	63	7	113	99	129	140
45	94	104	42	69	126	83	93	112	140	108	49	64	24	121	145	124	132	84	67	95	152	80	107	21	91	11
46	104	80	36	21	133	122	132	83	57	90	91	65	56	86	129	88	12	99	13	95	11	152	4	130	20	97	106	58	98	121	74	7	40	14	31	9	124	37	27	135	42	16	19	143	105	89	18
47	107	92	93	38	95	142	114	30	143	42
48	81	25	107	132	94	108
49	151	65	124	21	83	30	45	132	87	36	95	128	143	11	121	89	92	133	42
50	41	132	62	20	83	21	12	5
51	150	132
52	124
53	102	127	112	54	96	19	5	35	69	12	44	63	22	132	107	36	93	91	83	95	146	11	30	108	92	94	113	57	3	129	86	9	15	137	128	121	1
54	37	19	53	74	121	11	5	146	13	107	21	94	95	77	69	93	9	108	132	124	115	91	100
55	66	32
56	85	81	42	37	124	95	46	104	152	16	13	132	12
57	108	11	107	121	5	14	74	21	95	9	46	19	4	12	129	34	112	113	132	16	33	42	93	53	36	118	91	81	7	140	31	26	94
58	95	108	77	132	107	128	124	60	11	121	90	19	94	25	18	46	74	22	16	27	36	42	65
59	18	5	11	141	91	128	132	95	66	65	121	12	38	130	82
60	19	58	132	64
61	7	65	132	93	12	100	31	146	4	14
62	11	132	121	50	113	29	137	95	141
63	101	137	11	17	93	156	141	130	140	53	31	26	115	150	29	113	7	44	36	22	100	24	21	80	132	35	146	19	99	121	94	16
64	94	80	152	45	108	104	117	111	132	124	76	156	107	145	21	60	140	32	5	19
65	84	37	22	49	69	107	16	114	38	61	74	13	36	18	95	78	4	83	46	20	91	94	129	14	132	124	27	119	86	128	11	59	130	12	42	98	28	41	97	149	121	24	143	122	58
66	11	55	88	121	59	27	39	132
67	80	84	95	104	124	132	85	42	45
68	104
69	91	65	45	11	121	5	83	80	53	146	97	93	132	100	6	104	107	54	21	115	145	94	140	95	15	108	24	36	141
70	115	38
71	143	41	30	109
72	91	20	95	92	43	14	135
73	108	12
74	132	121	36	124	94	57	54	80	14	83	65	108	12	18	107	81	41	99	58	46	13	42	114	152	78	95	103	11	4	37	129	27	16
75	132
76	32	11	64	156	91
77	58	93	94	108	95	54	107	121	21	124	25	11
78	81	107	23	16	65	36	124	42	13	129	95	41	74	99
79	154	81
80	3	46	64	121	67	145	91	74	152	94	99	132	107	69	36	21	24	93	19	86	108	11	12	83	87	146	112	5	2	126	104	42	45	124	140	63	95
81	48	78	83	129	14	56	16	41	13	6	122	124	42	37	22	107	132	74	95	94	12	99	57	5	79
82	143	135	122	142	41	27	30	20	59	105
83	13	12	7	81	9	122	106	46	45	143	74	69	14	49	16	129	124	97	65	17	11	4	133	53	121	50	80	27	132	36	18	90	42	137	98	41	20	99	130	37	31	95
84	65	124	67	42	41	95	45	23	30	38	97	87	27	151
85	56	107	10	5	37	86	11	91	108	132	67	93	121	94
86	42	97	112	18	113	31	16	46	34	132	91	94	80	95	108	140	85	129	19	122	11	14	37	93	107	65	133	9	33	7	4	128	53	27	121	36	12	38	124
87	132	95	7	5	49	121	150	80	36	84	97	10	42	129	91	107	99	11	18
88	40	27	129	66	20	46	118	98	126	95	42
89	36	95	21	92	16	49	30	132	121	46	42	11
90	124	95	46	58	37	16	18	144	83	133	14	19	42
91	11	130	21	69	9	16	18	5	107	4	97	80	146	72	19	122	14	94	93	46	59	86	65	53	42	119	85	41	121	104	112	25	96	76	57	124	132	95	26	36	87	54	108	45
92	20	142	47	121	128	89	122	95	27	97	42	53	114	72	105	49	124	11	38	132
93	28	124	63	47	34	22	26	45	145	33	77	132	21	24	91	11	80	5	17	69	27	53	112	61	94	36	25	121	108	113	57	86	140	156	54	85	146	107	42	137	29	95
94	140	64	97	95	45	4	132	36	74	80	100	124	91	19	156	33	142	26	38	112	31	77	7	6	121	9	16	5	129	24	86	65	93	58	11	106	54	34	44	53	12	128	81	150	127	107	27	108	42	29	137	145	85	48	69	146	14	25	22	21	57	63
95	130	58	94	151	89	87	12	90	99	104	129	135	57	30	152	47	42	4	17	67	84	65	56	20	35	143	137	21	92	49	11	14	106	117	112	37	97	124	131	107	122	31	86	53	59	128	46	114	98	108	72	54	77	81	109	62	121	27	150	36	133	13	45	41	7	78	5	28	91	38	74	18	3	22	16	69	88	132	134	80	93	9	83
96	134	53	5	91	9
97	94	11	121	86	134	91	14	83	132	69	95	5	92	119	84	4	42	46	21	12	118	108	36	87	107	129	65	112	122	20	16	9
98	37	18	118	28	95	27	20	130	46	122	133	88	16	40	42	65	83
99	108	95	80	26	155	37	130	17	29	18	46	137	28	121	107	113	13	36	74	27	16	6	81	12	44	42	32	78	129	63	87	83
100	24	11	17	94	115	21	69	137	29	61	63	121	132	113	54
101	63	146	11	24	17	156	29	121	133	132
102	53	34	129	33	132
103	132	16	157	36	144	74
104	152	46	27	45	149	68	42	145	95	137	126	11	64	121	56	16	67	19	69	91	24	108	80	124	37	13	112	132
105	16	147	38	27	122	41	92	132	143	144	116	3	46	82
106	83	95	132	94	36	46	42	107	108
107	47	85	78	57	108	14	65	91	36	124	29	24	7	25	156	80	140	5	4	127	58	42	27	54	12	21	11	53	112	26	95	81	74	146	64	99	48	16	69	86	77	129	145	132	94	110	97	34	93	106	45	121	31	87	19	33
108	35	7	33	57	21	58	24	107	12	99	16	145	73	32	140	124	132	45	64	74	31	146	5	77	6	86	80	127	95	19	11	53	85	93	112	25	156	26	110	29	121	97	4	34	94	104	42	27	54	14	106	69	91	48
109	38	144	95	143	41	71
110	108	107
111	64
112	143	19	53	86	21	9	45	94	11	57	95	107	93	132	34	108	80	91	27	124	97	33	104	121	152
113	29	137	86	132	31	9	57	62	17	129	99	93	63	53	44	100
114	27	30	121	132	16	65	124	135	28	95	47	18	92	42	142	74	11	38	37	13	36	133	129
115	21	100	132	124	146	63	70	17	24	69	54	119	35
116	127	132	105
117	42	34	5	27	38	124	95	64	4	118	19	41	14
118	36	34	98	88	19	10	117	27	97	57
119	97	91	65	115
120	4
121	39	21	74	57	97	14	17	36	80	15	92	69	54	62	66	114	4	28	9	146	31	132	137	129	104	22	12	16	87	94	27	45	29	58	7	83	41	3	99	93	42	140	124	49	156	95	46	108	91	77	35	38	5	59	101	85	152	30	135	100	134	86	107	65	89	133	25	26	142	24	11	112	63	128	53	145
122	12	143	83	40	82	46	92	91	135	81	16	38	130	105	36	95	41	86	27	98	144	37	97	42	13	20	65
123	132
124	42	93	74	30	19	90	107	49	130	21	129	149	11	144	1	84	114	56	94	143	41	108	117	37	83	38	78	52	58	81	115	45	95	67	27	64	65	16	36	13	121	18	152	28	77	133	92	104	46	112	14	132	91	80	54	5	86
125	132
126	145	24	45	104	19	156	80	88	132
127	53	9	107	116	132	108	94
128	92	132	21	58	42	19	59	49	14	95	27	30	94	65	11	153	86	148	26	53	121	36
129	134	16	133	12	88	81	37	20	132	124	155	95	4	143	42	41	83	121	36	14	46	57	29	27	94	113	26	65	11	86	18	9	102	107	13	78	5	97	53	87	44	32	99	114	74
130	95	91	20	124	37	63	36	99	122	38	133	46	98	65	16	18	59	83
131	36	95	30	42
132	156	138	14	74	17	103	87	146	28	31	26	94	50	62	129	44	46	114	30	128	32	123	58	80	16	12	134	61	108	42	93	9	34	121	113	49	115	29	19	97	139	53	35	23	106	86	69	27	45	59	127	64	57	150	112	81	5	65	1	6	67	85	4	60	41	116	107	83	136	48	75	142	11	39	137	56	105	124	13	89	91	54	3	15	141	21	66	100	51	101	36	18	63	43	22	126	92	125	145	95	7	24	140	102	104
133	41	14	11	129	46	151	83	19	42	130	18	86	98	95	36	124	27	49	101	143	90	4	28	16	121	114
134	129	96	42	97	132	11	19	9	5	121	95
135	20	82	18	95	122	114	42	11	143	27	16	121	46	30	72	36
136	132
137	63	113	29	104	26	21	121	95	99	62	36	100	11	17	132	94	146	83	93	53	22
138	132
139	132
140	94	141	17	24	21	26	108	107	45	156	63	86	121	93	64	11	80	69	57	44	132
141	140	63	59	62	132	12	69
142	92	82	94	11	38	47	30	42	132	114	20	121
143	112	82	122	13	37	16	83	71	124	129	42	20	41	95	144	49	28	135	109	38	152	47	151	105	133	46	27	65
144	124	157	38	151	143	109	16	122	103	90	41	105	20
145	126	80	104	19	108	93	45	11	24	21	64	107	94	69	132	121
146	132	101	91	54	121	21	17	108	11	69	29	26	107	53	115	80	93	61	137	94	63	5
147	105
148	128
149	104	124	65
150	9	51	4	87	132	63	94	95	16	17	42	26	29
151	49	95	157	144	23	133	38	143	84
152	104	11	37	80	64	36	95	27	56	46	124	45	143	42	121	74	112
153	128
154	79
155	129	99	12
156	32	132	21	63	107	33	94	26	140	64	126	108	76	93	101	121	34	11
157	151	144	103	38
